%YAML:1.0
OCTAGON: !!opencv-matrix
   rows: 7
   cols: 512
   dt: f
   data: [ 1.00068438e+000, 1.00165617e+000, 1.00327349e+000,
       1.00488818e+000, 1.00678658e+000, 1.00896704e+000,
       1.01142788e+000, 1.01489496e+000, 1.01797855e+000,
       1.02133512e+000, 1.02496195e+000, 1.02987111e+000,
       1.03409517e+000, 1.03974092e+000, 1.04454613e+000,
       1.05090737e+000, 1.05627573e+000, 1.06332934e+000,
       1.06924200e+000, 1.07696342e+000, 1.07948613e+000,
       1.07451904e+000, 1.06816375e+000, 1.06207585e+000,
       1.05438221e+000, 1.04893577e+000, 1.04377139e+000,
       1.03521132e+000, 1.03066003e+000, 1.02640450e+000,
       1.02244842e+000, 1.01879525e+000, 1.01544821e+000,
       1.01241040e+000, 1.00968480e+000, 1.00727355e+000,
       1.00517917e+000, 1.00340366e+000, 1.00194860e+000,
       1.00081551e+000, 1.00000536e+000, 9.99518991e-001,
       9.99374866e-001, 9.99429047e-001, 9.99807477e-001,
       1.00050998e+000, 1.00153565e+000, 1.00288367e+000,
       1.00455272e+000, 1.00654125e+000, 1.00884712e+000,
       1.01146841e+000, 1.01440263e+000, 1.01764703e+000,
       1.02119875e+000, 1.02505434e+000, 1.02921069e+000,
       1.03366387e+000, 1.03841043e+000, 1.04344606e+000,
       1.05060279e+000, 1.05629671e+000, 1.06226528e+000,
       1.06850421e+000, 1.07723451e+000, 1.07855475e+000,
       1.07076073e+000, 1.06478906e+000, 1.05766010e+000,
       1.05223036e+000, 1.04579127e+000, 1.04092276e+000,
       1.03519654e+000, 1.03090715e+000, 1.02591527e+000,
       1.02222145e+000, 1.01879716e+000, 1.01564527e+000,
       1.01209199e+000, 1.00956154e+000, 1.00731087e+000,
       1.00534189e+000, 1.00365627e+000, 1.00194979e+000,
       1.00090647e+000, 1.00015020e+000, 9.99681890e-001,
       9.99501646e-001, 9.99609709e-001, 1.00000596e+000,
       1.00069010e+000, 1.00166166e+000, 1.00327873e+000,
       1.00489318e+000, 1.00679135e+000, 1.00897169e+000,
       1.01143229e+000, 1.01489902e+000, 1.01798248e+000,
       1.02133882e+000, 1.02496541e+000, 1.02987421e+000,
       1.03409803e+000, 1.03974366e+000, 1.04454851e+000,
       1.05090952e+000, 1.05627775e+000, 1.06333101e+000,
       1.06924343e+000, 1.07696474e+000, 1.07948720e+000,
       1.07064044e+000, 1.06431258e+000, 1.05825317e+000,
       1.05246711e+000, 1.04518509e+000, 1.04005396e+000,
       1.03521061e+000, 1.03065896e+000, 1.02640319e+000,
       1.02244687e+000, 1.01879358e+000, 1.01544631e+000,
       1.01240826e+000, 1.00968230e+000, 1.00727093e+000,
       1.00517631e+000, 1.00340044e+000, 1.00194526e+000,
       1.00081182e+000, 1.00000143e+000, 9.99514818e-001,
       9.99352455e-001, 9.99424398e-001, 9.99802709e-001,
       1.00050497e+000, 1.00153041e+000, 1.00287819e+000,
       1.00454712e+000, 1.00653529e+000, 1.00884104e+000,
       1.01146209e+000, 1.01439607e+000, 1.01764023e+000,
       1.02119160e+000, 1.02504706e+000, 1.02920318e+000,
       1.03732669e+000, 1.04210806e+000, 1.04717720e+000,
       1.05253017e+000, 1.06010103e+000, 1.06609893e+000,
       1.07236552e+000, 1.07889640e+000, 1.07854557e+000,
       1.07075131e+000, 1.06477940e+000, 1.05765033e+000,
       1.05222046e+000, 1.04578114e+000, 1.04091239e+000,
       1.03518605e+000, 1.03089643e+000, 1.02590442e+000,
       1.02221048e+000, 1.01878619e+000, 1.01563406e+000,
       1.01208055e+000, 1.00954998e+000, 1.00729918e+000,
       1.00533009e+000, 1.00364435e+000, 1.00193775e+000,
       1.00089431e+000, 1.00013793e+000, 9.99669433e-001,
       9.99489069e-001, 9.99597013e-001, 9.99993205e-001,
       1.00067735e+000, 1.00164866e+000, 1.00326562e+000,
       1.00488007e+000, 1.00677824e+000, 1.00895846e+000,
       1.01141882e+000, 1.01488554e+000, 1.01796889e+000,
       1.02132523e+000, 1.02495170e+000, 1.02986050e+000,
       1.03408432e+000, 1.03972983e+000, 1.04453468e+000,
       1.05089557e+000, 1.05626380e+000, 1.06331706e+000,
       1.06922948e+000, 1.07695067e+000, 1.08112383e+000,
       1.07450569e+000, 1.06815028e+000, 1.06206203e+000,
       1.05436814e+000, 1.04892135e+000, 1.04375684e+000,
       1.03887880e+000, 1.03064501e+000, 1.02638924e+000,
       1.02243292e+000, 1.01877952e+000, 1.01543224e+000,
       1.01239431e+000, 1.00966847e+000, 1.00725710e+000,
       1.00516260e+000, 1.00338674e+000, 1.00193155e+000,
       1.00079823e+000, 9.99987900e-001, 9.99501348e-001,
       9.99339044e-001, 9.99411166e-001, 9.99789476e-001,
       1.00049186e+000, 1.00151730e+000, 1.00286531e+000,
       1.00453424e+000, 1.00652254e+000, 1.00882840e+000,
       1.01144958e+000, 1.01438367e+000, 1.01762795e+000,
       1.02117944e+000, 1.02503502e+000, 1.02919126e+000,
       1.03364444e+000, 1.03839076e+000, 1.04342639e+000,
       1.05058312e+000, 1.05627692e+000, 1.06224561e+000,
       1.06848431e+000, 1.07721484e+000, 1.08175325e+000,
       1.08175325e+000, 1.06476903e+000, 1.05764019e+000,
       1.05221057e+000, 1.04577124e+000, 1.04090285e+000,
       1.03517652e+000, 1.03088725e+000, 1.02589548e+000,
       1.02220166e+000, 1.01877749e+000, 1.01562548e+000,
       1.01207232e+000, 1.00954187e+000, 1.00729132e+000,
       1.00532234e+000, 1.00363684e+000, 1.00193048e+000,
       1.00088727e+000, 1.00013113e+000, 9.99662817e-001,
       9.99482691e-001, 9.99590874e-001, 9.99987245e-001,
       1.00067163e+000, 1.00164318e+000, 1.00326037e+000,
       1.00487506e+000, 1.00677335e+000, 1.00895369e+000,
       1.01141453e+000, 1.01488149e+000, 1.01796508e+000,
       1.02132154e+000, 1.02494824e+000, 1.02985740e+000,
       1.03408134e+000, 1.03972721e+000, 1.04453218e+000,
       1.04958999e+000, 1.05626178e+000, 1.06331539e+000,
       1.06922793e+000, 1.07694948e+000, 1.07947218e+000,
       1.07062566e+000, 1.06429803e+000, 1.05823886e+000,
       1.05245304e+000, 1.04517138e+000, 1.04004037e+000,
       1.03519726e+000, 1.03064597e+000, 1.02639043e+000,
       1.02243435e+000, 1.01878119e+000, 1.01543427e+000,
       1.01239657e+000, 1.00967085e+000, 1.00725973e+000,
       1.00516546e+000, 1.00338995e+000, 1.00193501e+000,
       1.00080192e+000, 9.99991775e-001, 9.99505520e-001,
       9.99361455e-001, 9.99415696e-001, 9.99794245e-001,
       1.00049675e+000, 1.00152266e+000, 1.00287080e+000,
       1.00453985e+000, 1.00652850e+000, 1.00883448e+000,
       1.01145589e+000, 1.01439023e+000, 1.01763475e+000,
       1.02118647e+000, 1.02504230e+000, 1.02919865e+000,
       1.03732252e+000, 1.04210424e+000, 1.04717386e+000,
       1.05252695e+000, 1.06009841e+000, 1.06609654e+000,
       1.07236350e+000, 1.07889462e+000, 1.07854414e+000,
       1.07075036e+000, 1.06477869e+000, 1.05764997e+000,
       1.05222046e+000, 1.04578149e+000, 1.04091311e+000,
       1.03518701e+000, 1.03089786e+000, 1.02590621e+000,
       1.02221262e+000, 1.01878858e+000, 1.01563668e+000,
       1.01208365e+000, 1.00955343e+000, 1.00730300e+000,
       1.00533414e+000, 1.00364876e+000, 1.00194252e+000,
       1.00089943e+000, 1.00014341e+000, 9.99675214e-001,
       9.99495208e-001, 9.99495208e-001, 0., 0., 0., 0., 0., 0., 0., 0.,
       0., 0., 0., 0., 0., 0., 0., 0., 0., 0., 0., 0., 0., 0., 0., 0.,
       0., 0., 0., 0., 0., 0., 0., 0., 0., 0., 0., 0., 0., 0., 0., 0.,
       0., 0., 0., 0., 0., 0., 0., 0., 0., 0., 0., 0., 0., 0., 0., 0.,
       0., 0., 0., 0., 0., 0., 0., 0., 0., 0., 0., 0., 0., 0., 0., 0.,
       0., 0., 0., 0., 0., 0., 0., 0., 0., 0., 0., 0., 0., 0., 0., 0.,
       0., 0., 0., 0., 0., 0., 0., 0., 0., 0., 0., 0., 0., 0., 0., 0.,
       0., 0., 0., 0., 0., 0., 0., 0., 0., 0., 0., 0., 0., 0., 0., 0.,
       0., 0., 0., 0., 0., 0., 0., 0., 0., 0., 0., 0., 0., 0., 0., 0.,
       0., 0., 0., 0., 0., 0., 0., 0., 0., 0., 0., 0., 0., 0., 0., 0.,
       0., 9.92153823e-001, 9.88909006e-001, 9.85606372e-001,
       9.78627205e-001, 9.76246595e-001, 9.74182665e-001,
       9.68190610e-001, 9.66778874e-001, 9.64876354e-001,
       9.59827840e-001, 9.59328949e-001, 9.58125591e-001,
       9.54049230e-001, 9.54477191e-001, 9.53984737e-001,
