%YAML:1.0
CIRCLES: !!opencv-matrix
   rows: 1024
   cols: 1
   dt: f
   data: [ 3.68105530e+002, 1.33650672e+000, 5.40081374e-002,
       3.82951833e-002, 1.70493089e-002, 4.25046310e-002,
       9.69105214e-003, 2.28240535e-001, 1.22429114e-002,
       6.19315170e-002, 1.20181721e-002, 3.38862874e-002,
       1.98285040e-002, 2.05650069e-002, 2.93857767e-003,
       4.89484221e-002, 1.69750750e-002, 3.45038995e-002,
       2.30886205e-003, 8.33369140e-003, 5.91226807e-003,
       1.91522427e-002, 5.67149185e-003, 1.37077328e-002,
       6.37731981e-003, 2.53678598e-002, 1.28024509e-002,
       1.28709609e-002, 4.12551453e-003, 1.60576273e-002,
       3.28719034e-003, 7.76417460e-003, 1.27950693e-002,
       1.75058618e-002, 4.77400562e-003, 1.37618789e-002,
       8.32227245e-003, 1.18329022e-002, 3.01199919e-003,
       1.31036034e-002, 2.64201616e-003, 2.52418835e-002,
       6.16260339e-003, 2.18620654e-002, 1.60752553e-002,
       1.93676387e-003, 1.84251163e-002, 2.35466566e-003,
       4.49017063e-003, 1.56433340e-002, 9.21905413e-003,
       1.57759413e-002, 7.87814334e-003, 7.67750479e-003,
       5.23659913e-003, 8.38968251e-003, 2.26283036e-002,
       1.42903971e-002, 1.64786801e-002, 9.83471889e-003,
       9.17597488e-003, 6.28407067e-003, 1.07575543e-002,
       2.61056959e-003, 3.06219421e-003, 1.31919449e-002,
       7.70142348e-003, 1.26018561e-002, 5.78140421e-003,
       1.70468800e-002, 6.29463326e-003, 7.91635830e-003,
       1.04263052e-002, 1.00921141e-002, 6.19055750e-003,
       1.62666515e-002, 5.76958898e-003, 4.68410086e-003,
       1.18865278e-002, 5.26660867e-003, 1.17077986e-002,
       8.24247207e-003, 5.40847890e-003, 1.63146872e-002,
       5.21931378e-003, 2.96165817e-003, 7.13565107e-003,
       8.74708127e-003, 6.76769530e-003, 8.34353082e-003,
       3.88887106e-003, 3.03173508e-003, 9.17295925e-003,
       5.93981240e-003, 5.41827269e-003, 3.97985848e-003,
       5.45587670e-003, 5.39050763e-003, 1.10463742e-002,
       1.64249502e-002, 9.66693554e-003, 1.32339476e-002,
       4.89387615e-003, 1.99737567e-002, 3.55061144e-003,
       8.91718455e-003, 9.22217558e-004, 1.39702018e-002,
       4.75763530e-003, 3.03927134e-003, 7.60857016e-003,
       5.53788990e-003, 1.86189229e-003, 9.10564512e-003,
       4.41726390e-003, 8.92173965e-003, 6.44005043e-003,
       6.50299061e-003, 1.00255152e-002, 9.14677046e-003,
       7.57539831e-003, 2.42232671e-003, 8.12995713e-003,
       1.78382583e-002, 1.68960020e-002, 1.57387170e-003,
       8.04923382e-003, 2.26840358e-002, 6.22730888e-003,
       4.07007150e-003, 7.88507331e-003, 1.42768342e-002,
       8.69431347e-003, 2.15836335e-003, 1.07005462e-002,
       1.30095438e-003, 9.43544693e-003, 2.69309944e-003,
       1.00858230e-002, 1.49987545e-003, 8.08285922e-003,
       4.02433518e-003, 2.93511990e-003, 1.12594021e-002,
       4.84577427e-003, 6.41155243e-003, 1.23561770e-002,
       8.27995315e-003, 3.63645167e-003, 1.16384616e-002,
       3.63936694e-003, 7.57381646e-003, 3.27540631e-003,
       1.10501917e-002, 1.35301286e-002, 1.80040095e-002,
       8.35674256e-003, 3.34520615e-003, 1.31402304e-002,
       1.55433491e-002, 4.81120124e-003, 1.10593755e-002,
       5.93549572e-003, 1.13282921e-002, 3.06288968e-003,
       7.42823584e-004, 1.18379900e-002, 1.03213871e-002,
       4.04678844e-003, 6.52028807e-003, 2.69495347e-003,
       4.91714012e-003, 4.95821843e-003, 6.44342136e-003,
       1.12927202e-002, 1.15169380e-002, 2.19036755e-003,
       7.43951602e-003, 1.09099168e-002, 7.72672612e-003,
       8.40024743e-003, 1.44223096e-002, 2.75093247e-003,
       1.03170648e-002, 1.18708694e-002, 1.44842165e-002,
       6.41143415e-003, 8.01140349e-003, 2.45527155e-003,
       1.09312367e-002, 6.77399291e-003, 1.22975251e-002,
       2.79626856e-003, 1.20371087e-002, 6.29870966e-003,
       6.17291406e-003, 1.92471163e-003, 1.33822793e-002,
       9.85149574e-003, 6.75463025e-003, 1.09634865e-002,
       9.57125518e-003, 5.06146671e-003, 7.07192766e-003,
       5.55069698e-003, 7.69283529e-003, 8.91454332e-003,
       9.48269665e-003, 6.40659267e-003, 5.66946296e-003,
       1.59316650e-003, 3.54477693e-003, 1.49462325e-003,
       8.36057495e-003, 1.20960595e-002, 6.50755316e-003,
       6.84737926e-003, 6.89971913e-003, 3.40586226e-003,
       5.67184947e-003, 1.36215414e-003, 1.68797355e-002,
       7.86495768e-003, 2.92829750e-003, 1.85981637e-003,
       2.33922410e-003, 1.02439499e-003, 8.90248641e-003,
       4.03039251e-003, 5.31075476e-003, 7.63072819e-003,
       7.08111422e-003, 5.61181922e-003, 7.78734218e-003,
       1.11648152e-002, 9.96922608e-003, 1.11624249e-003,
       1.45924126e-003, 9.28169675e-003, 1.06200408e-002,
       4.65552742e-003, 1.07937520e-002, 7.26407021e-003,
       2.55745975e-003, 1.40004558e-003, 6.35446282e-004,
       9.30253603e-003, 8.39910563e-003, 4.59780544e-003,
       6.73425291e-003, 3.88056925e-003, 3.58956004e-003,
       5.15808398e-003, 1.03917997e-003, 6.16074353e-003,
       1.03589380e-002, 5.11578517e-003, 4.11790144e-003,
       4.42218548e-003, 8.08916800e-003, 6.03549741e-003,
       5.90355136e-003, 7.78683834e-003, 9.14969295e-003,
       5.83414268e-003, 4.76154452e-003, 4.12801607e-003,
       1.73319597e-002, 5.97223127e-003, 7.17307208e-003,
       1.09218480e-002, 1.50475027e-002, 1.66972703e-003,
       3.25597241e-004, 4.36502323e-003, 1.03215082e-002,
       5.95332077e-003, 1.79369480e-003, 1.19193746e-002,
       6.87904749e-003, 8.19677778e-004, 3.72816739e-003,
       1.79109757e-003, 1.47363706e-003, 5.16468612e-003,
       2.99228588e-003, 5.32619189e-003, 1.79091259e-003,
       3.14201554e-003, 2.13435292e-003, 1.12123729e-003,
       2.21724436e-003, 3.99908191e-003, 4.79122996e-003,
       5.60029177e-003, 6.29559206e-003, 1.49239332e-003,
       3.78279574e-003, 5.70733845e-003, 6.85119187e-004,
       1.20453082e-003, 1.76480459e-003, 5.46991033e-003,
       4.51355381e-003, 2.57235346e-003, 2.71430169e-003,
       3.49773397e-003, 3.85795115e-003, 3.88532365e-003,
       2.34620785e-003, 4.16580588e-003, 2.71701626e-003,
       3.97896208e-003, 1.24010351e-003, 8.83204571e-004,
       6.14701258e-003, 3.33661214e-003, 5.04860235e-003,
       4.35403874e-003, 6.36876794e-003, 5.43677947e-003,
       6.71407022e-003, 3.21725919e-003, 4.76037804e-003,
       2.76363990e-003, 5.53051103e-003, 8.55157431e-003,
       6.86834287e-003, 5.33631025e-003, 8.94261408e-004,
       3.79474019e-003, 2.94813863e-003, 5.07431617e-003,
       4.54508187e-003, 5.25144069e-003, 3.79050896e-003,
       6.93198526e-003, 1.88600924e-003, 4.51957574e-003,
       1.83739979e-003, 3.11294501e-003, 2.97309412e-003,
       3.82711971e-003, 3.30381724e-003, 5.40840952e-003,
       3.45281046e-003, 5.29064192e-003, 2.69515673e-003,
       3.81284114e-003, 5.59824752e-003, 1.82032504e-003,
       2.90561724e-003, 4.89274086e-003, 2.96279951e-003,
       4.39679343e-003, 5.38251270e-003, 5.74074266e-003,
       3.48063442e-003, 7.95901869e-004, 3.27789644e-003,
       2.93875486e-003, 1.62874314e-003, 1.48328079e-003,
       2.23219371e-003, 5.20304637e-003, 3.55855306e-003,
       3.13755404e-003, 2.30160495e-003, 3.60769033e-003,
       3.07275844e-003, 5.31294756e-003, 3.69601604e-003,
       4.82214987e-003, 2.58832704e-003, 3.35615448e-004,
       2.69983057e-003, 4.22018720e-003, 4.43042081e-004,
       2.94123706e-003, 1.30973256e-003, 3.92221706e-003,
       9.36774246e-004, 6.50148140e-004, 1.67027873e-003,
       1.83017575e-003, 1.20862620e-003, 3.81658203e-003,
       2.58516497e-003, 4.32071276e-003, 1.01931067e-003,
       9.98649746e-004, 3.15376627e-003, 4.56579262e-003,
       2.22359481e-003, 3.46873188e-003, 5.07530710e-003,
       3.16111092e-003, 3.06775724e-003, 1.78036245e-003,
       6.72019843e-004, 7.56428868e-004, 1.23523909e-003,
       1.48966350e-003, 2.31125602e-003, 3.27441306e-003,
       2.91313138e-003, 1.01124006e-003, 2.82477704e-003,
