%YAML:1.0
DIAMOND: !!opencv-matrix
   rows: 1024
   cols: 1
   dt: f
   data: [ 3.58247650e+002, 9.21512723e-001, 3.28760564e-001,
       7.02583742e+000, 1.24103844e-001, 1.61791280e-001,
       6.43254146e-002, 1.22478962e+000, 5.68672866e-002,
       8.07112902e-002, 2.98102722e-002, 4.65468794e-001,
       3.91540788e-002, 5.33868261e-002, 1.57588627e-002,
       2.25596443e-001, 2.45512370e-002, 4.04829308e-002,
       8.42770282e-003, 1.27941564e-001, 1.64550561e-002,
       3.91225107e-002, 7.34882569e-003, 7.92142227e-002,
       7.61849619e-003, 3.28126885e-002, 8.94557871e-003,
       5.65682016e-002, 1.31980423e-002, 1.77279245e-002,
       8.70470796e-003, 3.18314657e-002, 1.40017252e-002,
       1.71881560e-002, 1.58249103e-002, 3.69070247e-002,
       3.26259732e-002, 2.74680760e-002, 2.23505814e-002,
       1.59721673e-002, 5.57170436e-003, 1.12298969e-002,
       5.05881803e-003, 7.00884778e-003, 1.54770818e-003,
       1.46814743e-002, 1.04586948e-002, 3.70807457e-003,
       7.78539106e-003, 9.55330674e-003, 6.75251428e-003,
       1.44606726e-002, 2.72344165e-002, 3.25176045e-002,
       2.80965436e-002, 2.90510561e-002, 9.55941062e-003,
       2.70664468e-002, 2.38884818e-002, 2.72077173e-002,
       1.87186934e-002, 1.49504701e-002, 1.76817290e-002,
       2.10373681e-002, 2.75216140e-002, 2.23128311e-002,
       1.41597996e-002, 1.18391933e-002, 2.77422415e-003,
       5.55725954e-003, 8.38933140e-003, 9.75600537e-003,
       7.74982339e-003, 6.95963856e-003, 6.14717091e-003,
       1.49923051e-002, 1.50533402e-002, 9.37097240e-003,
       1.15624536e-002, 1.48415053e-002, 9.98175796e-003,
       1.16856601e-002, 5.21150185e-003, 3.37257353e-003,
       6.35575084e-003, 2.80581624e-003, 5.56370767e-004,
       3.58184427e-003, 8.47156346e-003, 2.30800337e-003,
       4.07777773e-003, 2.73223966e-003, 4.66460502e-003,
       4.14156914e-003, 7.08751380e-003, 9.32718813e-003,
       1.22527545e-002, 7.18858885e-003, 8.92981235e-003,
       8.64899659e-004, 1.23446267e-002, 3.40906950e-003,
       5.86454757e-003, 5.35524450e-003, 1.36310896e-002,
       5.79169393e-003, 1.26658333e-002, 1.53620942e-002,
       6.64054230e-003, 9.92647838e-003, 8.64973944e-003,
       8.21521040e-003, 7.78876338e-003, 3.11279879e-003,
       7.26207951e-003, 8.99423007e-003, 1.35365650e-002,
       1.33914920e-002, 6.55959966e-003, 8.42929631e-003,
       7.51119712e-003, 3.85784102e-003, 5.30831516e-003,
       1.83870667e-003, 8.74246098e-003, 1.77352154e-003,
       7.22990232e-003, 8.40278622e-003, 4.53047594e-003,
       1.44391675e-002, 6.10694662e-003, 4.39532800e-003,
       1.15801243e-003, 1.17485775e-002, 6.30060630e-003,
       3.39730550e-003, 4.81492002e-003, 3.38543532e-003,
       3.19865998e-003, 7.84024363e-004, 1.81747519e-003,
       1.21185160e-003, 5.87139977e-003, 1.58427015e-003,
       1.53003552e-003, 1.88088091e-003, 7.74459541e-003,
       3.30355507e-003, 6.24200748e-003, 5.79026062e-003,
       5.70610771e-003, 1.61631301e-003, 5.31990221e-003,
       2.22620927e-003, 2.71741045e-003, 1.96977006e-003,
       3.76039534e-003, 8.49311799e-003, 6.22651400e-003,
       4.71703475e-003, 2.15814658e-003, 9.11320932e-003,
       9.77055542e-003, 1.22309790e-003, 4.28129017e-004,
       2.07185207e-004, 2.91916379e-003, 1.76132598e-003,
       3.19240359e-003, 2.44976161e-003, 2.09168135e-003,
       6.98287040e-004, 5.73908305e-003, 3.08939395e-003,
       7.24962447e-003, 5.74897882e-003, 1.85925292e-003,
       6.45374926e-003, 1.72075466e-003, 1.13488932e-003,
       1.11688650e-003, 1.51564134e-003, 3.16438195e-003,
       1.83714018e-003, 9.04824061e-004, 4.14005900e-003,
       2.84186983e-003, 6.87444070e-003, 4.43114014e-003,
       7.62825087e-003, 1.74675824e-003, 5.31991944e-003,
       3.74454074e-003, 2.79503595e-003, 4.01855726e-003,
       4.30682208e-003, 2.50439928e-003, 2.18624785e-003,
       2.64388206e-003, 7.02167396e-004, 1.66302314e-003,
       1.91622344e-003, 2.05094111e-003, 1.71161327e-003,
       3.22319730e-003, 1.81807624e-003, 1.53933512e-003,
       2.09560920e-003, 1.90039875e-003, 1.95489475e-003,
       2.45292578e-003, 9.06549743e-004, 2.53701303e-003,
       1.36769831e-003, 2.04910175e-003, 3.78009118e-003,
       1.89713784e-003, 1.66092918e-003, 1.13829761e-003,
       2.94871093e-003, 1.73650961e-003, 2.77181878e-003,
       4.18444583e-003, 3.73240747e-003, 5.31638693e-003,
       5.23279700e-003, 7.94621941e-004, 1.42428407e-003,
       1.06038759e-003, 2.20047310e-003, 2.36023054e-003,
       5.04523329e-003, 4.96032182e-003, 2.65887752e-003,
       4.29657334e-003, 2.81819608e-003, 1.48122606e-003,
       1.23127876e-003, 2.27117864e-003, 2.79054185e-003,
       3.40338284e-003, 4.18589683e-003, 2.42739683e-003,
       1.74715766e-003, 6.26716414e-004, 1.01132714e-003,
       5.23122842e-004, 1.20768102e-003, 1.00978930e-003,
       9.94624104e-004, 3.85778898e-004, 1.44590507e-003,
       4.86319070e-004, 1.39959302e-004, 2.53259740e-003,
       5.22740476e-004, 1.88305392e-003, 8.47453251e-004,
       5.77226398e-004, 1.10727397e-003, 2.09511654e-003,
       3.60799255e-004, 6.42766769e-004, 2.60838715e-004,
       1.41023740e-003, 6.11098367e-004, 1.61149458e-003,
       1.28850946e-003, 2.39746133e-003, 1.49684376e-003,
       2.37249373e-003, 1.38855109e-003, 8.37097119e-004,
       1.01233961e-003, 6.05590118e-004, 3.67153873e-004,
       3.89464345e-004, 1.01769785e-003, 7.23310921e-004,
       7.53143395e-004, 8.83464003e-004, 1.06203347e-003,
       6.53224764e-004, 6.56478340e-004, 1.30281283e-003,
       2.60866201e-003, 2.61572283e-003, 3.85849201e-003,
       3.04043852e-003, 5.79598418e-004, 3.74335190e-003,
       3.47679364e-003, 1.58071343e-003, 1.91033026e-003,
       2.98869307e-003, 1.81860046e-003, 2.63764895e-003,
       1.67079072e-003, 3.58858553e-004, 2.08865808e-004,
       1.24148151e-003, 6.50212925e-004, 7.78584857e-004,
       1.06115395e-003, 2.05511041e-003, 9.71070724e-004,
       1.85750471e-003, 9.74120630e-004, 5.51801641e-004,
       7.87246216e-004, 5.96703263e-004, 1.00209516e-004,
       7.47259706e-004, 3.13643512e-004, 4.57993970e-004,
       1.72588443e-005, 5.50438126e-004, 3.23673943e-004,
       4.14005888e-004, 2.98718165e-004, 5.11313498e-004,
       2.42605718e-004, 1.44300589e-004, 4.89892846e-004,
       6.66523993e-004, 4.90738894e-004, 1.01479213e-003,
       9.30345792e-004, 5.89197080e-005, 4.98354493e-004,
       5.86099457e-004, 2.18981382e-004, 4.47073660e-004,
       2.72412290e-004, 5.37936750e-004, 6.84404149e-005,
       3.47164401e-004, 3.05975875e-004, 3.02969362e-004,
       6.26881781e-004, 1.01547746e-003, 6.18909777e-004,
       1.70282868e-003, 7.21680117e-004, 2.74895021e-004,
       1.53559831e-003, 1.35788531e-003, 1.10753463e-003,
       2.21076841e-003, 2.10383115e-003, 2.37857806e-003,
       1.20800536e-003, 1.53756782e-003, 1.07864372e-003,
       6.44375919e-004, 1.76035741e-004, 5.00331342e-004,
       4.53176646e-004, 5.39283734e-004, 2.09353690e-004,
       4.11241199e-004, 5.14648738e-004, 3.29160132e-004,
       3.93242750e-004, 2.74513965e-004, 2.15068983e-004,
       3.76219105e-004, 4.82428615e-004, 2.20557646e-004,
       1.68211147e-004, 3.29720031e-004, 4.06610459e-004,
       1.31883440e-004, 1.46363614e-004, 4.18092386e-004,
       4.01419267e-004, 7.21422024e-004, 4.17578238e-004,
       5.83670044e-004, 9.86823812e-004, 4.15636518e-004,
       8.22693924e-004, 1.03255348e-004, 7.87878991e-004,
       9.18583013e-004, 1.12124730e-003, 4.18672629e-004,
       5.23409049e-004, 4.76491783e-004, 1.51832297e-004,
       6.35515607e-004, 3.73836083e-004, 5.67950519e-005,
       2.38680150e-004, 6.86358020e-004, 3.87315318e-004,
       4.62281132e-005, 2.86640046e-004, 6.97318523e-004,
       6.41008606e-004, 2.62249989e-004, 6.55118492e-004,
       4.30708023e-004, 2.03820004e-004, 5.78293460e-004,
       2.73885205e-004, 6.73927309e-004, 6.00454514e-004,
