%YAML:1.0
OCTAGON: !!opencv-matrix
   rows: 1024
   cols: 1
   dt: f
   data: [ 4.91898224e+002, 3.11206174e+000, 1.70916207e-002,
       8.21526945e-002, 1.83297377e-002, 1.53115183e-001,
       1.00228059e+000, 3.29359078e+000, 6.09397769e-001,
       8.15348029e-002, 2.33271923e-002, 2.97635049e-002,
       4.16791216e-002, 1.20808966e-001, 3.17709595e-001,
       6.03110552e-001, 2.94820249e-001, 2.44602677e-003,
       1.32572670e-002, 2.65516676e-002, 3.57178934e-002,
       8.57816413e-002, 1.53439566e-001, 1.85704350e-001,
       1.70393258e-001, 2.47234888e-002, 1.03786262e-002,
       2.41595991e-002, 2.55026091e-002, 6.43566921e-002,
       7.33904764e-002, 5.64416870e-002, 1.15045622e-001,
       2.51736678e-002, 7.26514729e-003, 3.18399332e-002,
       2.20493469e-002, 4.71423455e-002, 3.44805121e-002,
       9.48092341e-003, 7.18348101e-002, 3.43219303e-002,
       1.10587617e-002, 2.62329932e-002, 1.82930771e-002,
       2.78373845e-002, 1.83897614e-002, 1.33014135e-002,
       3.76639739e-002, 2.60886345e-002, 1.36592360e-002,
       2.31974665e-002, 1.79002527e-002, 1.70907173e-002,
       6.05041534e-003, 1.62520688e-002, 2.51458343e-002,
       2.65818853e-002, 1.86390653e-002, 1.57129709e-002,
       9.77103040e-003, 1.07945530e-002, 7.26856850e-003,
       1.34847639e-002, 1.01457229e-002, 1.68956872e-002,
       2.01306138e-002, 1.51155731e-002, 5.12764417e-003,
       9.54830553e-003, 8.75162799e-003, 1.38880312e-002,
       1.71620725e-003, 6.14602817e-003, 1.76050961e-002,
       1.10028004e-002, 6.58504153e-003, 3.77770979e-003,
       9.00188182e-003, 4.27075662e-003, 6.48507243e-003,
       6.25024643e-003, 2.59159673e-002, 5.29774046e-003,
       3.81261553e-003, 1.05713652e-002, 2.22839378e-002,
       1.18145803e-002, 3.39926430e-003, 9.49380361e-003,
       1.67802200e-002, 7.03111524e-003, 3.55230179e-003,
       3.51036876e-003, 5.97710907e-003, 8.30287952e-003,
       5.14651788e-003, 6.15983503e-003, 9.72955208e-003,
       3.72856203e-003, 3.58896540e-003, 4.66575380e-003,
       7.53926905e-003, 2.19907914e-003, 4.25177859e-003,
       2.33051879e-003, 8.24880321e-003, 8.59584659e-003,
       4.83289780e-003, 6.56495523e-003, 3.95820150e-003,
       2.56653014e-003, 2.90473015e-003, 2.75209593e-003,
       9.59104113e-003, 9.07281134e-003, 2.94862268e-003,
       6.71586068e-003, 1.69773214e-003, 2.94390391e-003,
       1.26611348e-003, 6.02262374e-003, 6.75877603e-003,
       1.39055047e-002, 5.49047207e-003, 7.06330687e-003,
       5.47349127e-003, 2.42427006e-004, 5.74793667e-003,
       9.44881421e-003, 4.70455736e-003, 8.98836087e-003,
       3.83620849e-003, 2.51847855e-003, 8.91335215e-003,
       6.75421674e-003, 5.06381877e-003, 4.44267970e-003,
       6.20088493e-003, 5.92770800e-003, 6.94096088e-003,
       3.23531707e-003, 3.02647077e-003, 6.75730919e-003,
       5.76764299e-003, 3.51175596e-003, 6.81093428e-003,
       1.03294197e-003, 1.20128214e-003, 5.41585544e-003,
       2.35289079e-003, 1.52923004e-003, 6.04414847e-003,
       3.23835691e-003, 5.76570490e-003, 1.11442469e-002,
       6.08110661e-003, 9.24247410e-003, 5.24712214e-003,
       1.14442445e-002, 5.99496672e-003, 1.39330607e-002,
       5.58033912e-003, 8.74540210e-003, 5.70591353e-003,
       6.04982115e-003, 5.73154120e-003, 1.04801888e-002,
       2.76400335e-003, 8.93855002e-003, 3.19637381e-003,
       7.95961265e-003, 1.98184000e-003, 6.56421250e-003,
       2.52587022e-003, 1.29606260e-003, 6.57165749e-003,
       5.19986637e-003, 2.62319320e-003, 1.15684327e-003,
       1.06071832e-003, 7.22095696e-003, 2.86959670e-003,
       3.89617379e-003, 4.72052861e-003, 2.40056915e-003,
       2.40608980e-003, 2.21663015e-003, 1.82322087e-003,
       3.66262416e-003, 2.63259979e-003, 3.35811428e-003,
       3.18988413e-003, 3.40338587e-003, 3.17043392e-003,
       8.22421629e-003, 6.58811349e-003, 4.63423412e-003,
       3.20736063e-003, 1.33600656e-003, 4.86369012e-003,
       1.63165177e-003, 7.96220091e-004, 3.34209972e-003,
       2.23172526e-003, 3.34267807e-003, 5.12163434e-003,
       5.16852504e-003, 4.97986970e-004, 2.07445002e-004,
       8.97006714e-004, 2.84513645e-003, 3.03013809e-003,
       3.71672260e-003, 6.38512243e-003, 8.15219991e-003,
       1.34041649e-003, 5.01178764e-003, 2.95880763e-003,
       3.26212030e-003, 4.33031889e-003, 2.26599700e-003,
       6.42534019e-003, 3.96715570e-003, 4.68302006e-003,
       3.19305342e-003, 1.94529665e-003, 6.14795228e-003,
       4.03232779e-003, 2.36210367e-003, 7.04697613e-003,
       7.02497223e-003, 1.20570762e-002, 1.04219895e-002,
       1.24200853e-002, 1.17351366e-002, 1.49559649e-002,
       1.24379313e-002, 1.61471460e-002, 1.64518617e-002,
       1.20497383e-002, 1.47032999e-002, 1.13227600e-002,
       1.06503945e-002, 8.06232635e-003, 9.36412998e-003,
       5.30299265e-003, 7.75050512e-003, 8.97998363e-003,
       2.94056279e-003, 3.55690182e-003, 4.56982432e-003,
       5.59278624e-003, 7.72645371e-003, 2.00039428e-003,
       5.22181252e-003, 5.20526478e-003, 3.19102337e-003,
       7.78432004e-004, 2.77760485e-003, 5.70767233e-003,
       6.23581978e-003, 5.71171613e-003, 3.09224799e-003,
       1.54198729e-003, 1.62954256e-003, 5.21988794e-003,
       2.36791675e-003, 5.97591884e-003, 6.63292641e-003,
       6.79810019e-003, 2.80218152e-003, 5.09711169e-003,
       4.04594326e-003, 4.91796061e-003, 1.67003041e-003,
       2.88987323e-003, 8.23987834e-003, 3.82837816e-003,
       6.20507728e-003, 5.55855967e-003, 4.27501276e-003,
       1.41820312e-003, 7.59690488e-003, 5.57481544e-003,
       8.43691267e-003, 1.33281387e-002, 1.24583412e-002,
       1.69588886e-002, 9.70195979e-003, 1.80415846e-002,
       6.54579373e-003, 1.58932339e-002, 1.07483398e-002,
       1.18257394e-002, 1.49536151e-002, 4.42235311e-003,
       1.46461055e-002, 1.16557023e-002, 1.41447149e-002,
       2.25709192e-002, 1.29776727e-002, 1.73359793e-002,
       1.33332340e-002, 1.29222488e-002, 7.93646835e-003,
       7.13418517e-003, 6.26979675e-003, 2.73641851e-003,
       3.42978840e-003, 1.55403197e-003, 2.35581654e-003,
       5.74602233e-003, 5.19193290e-003, 5.15204435e-003,
       3.10548558e-003, 3.04213283e-003, 6.27518585e-003,
       6.66958233e-003, 6.34456519e-003, 3.27516580e-003,
       6.54093409e-003, 5.88558009e-003, 1.07920170e-002,
       9.29824915e-003, 8.88534356e-003, 1.02155665e-002,
       9.54323448e-003, 7.93193933e-003, 6.68899529e-003,
       2.65228632e-003, 5.32735372e-003, 3.15264030e-003,
       6.53781416e-003, 2.84393807e-003, 7.92197709e-004,
       4.28404333e-003, 5.32786176e-003, 5.82136679e-003,
       6.27297908e-003, 4.57597105e-003, 1.12379156e-002,
       9.85901337e-003, 4.16291179e-003, 2.98701203e-003,
       7.86758307e-003, 1.73431635e-003, 5.29420283e-003,
       7.64077017e-003, 7.23393820e-003, 1.27887540e-002,
       8.95965844e-003, 1.47435730e-002, 1.11566940e-002,
       1.94184296e-002, 6.65183738e-003, 6.52898848e-003,
       7.75702111e-003, 7.97957741e-003, 8.45550280e-003,
       6.95411162e-003, 5.63682243e-003, 4.94732382e-003,
       4.70373547e-003, 4.00732039e-003, 7.05337524e-003,
       4.50242730e-003, 5.72443428e-003, 3.02011031e-003,
       4.74688504e-003, 8.45457835e-004, 2.22321204e-003,
       2.94490485e-003, 3.40010133e-003, 3.26056918e-003,
       2.80096382e-003, 1.42994965e-003, 2.97237374e-003,
       4.19085089e-004, 3.72248050e-003, 3.42043722e-003,
       3.83206573e-003, 4.09889361e-003, 2.17223866e-003,
       2.60274718e-003, 2.82795611e-003, 3.92747018e-003,
       1.45614764e-003, 3.56648117e-003, 4.70864261e-003,
       2.88486551e-003, 5.42507367e-003, 2.42330064e-003,
       1.93507981e-003, 3.98228038e-003, 1.48858270e-003,
       1.51211291e-003, 4.06537950e-003, 6.71266252e-003,
       8.15423857e-003, 8.38443823e-003, 5.42326737e-003,
       7.23371981e-003, 8.58659483e-003, 1.05396686e-002,
       4.50747460e-003, 7.05124298e-003, 1.05803842e-002,
