%YAML:1.0
RECTANGLE: !!opencv-matrix
   rows: 1024
   cols: 1
   dt: f
   data: [ 5.45242126e+002, 3.98722000e+001, 1.77757800e+000,
       1.01902018e+001, 2.87984997e-001, 4.94116831e+000,
       2.94623852e-001, 8.85494947e-001, 2.73887575e-001,
       6.89462125e-001, 6.73160702e-002, 6.90830112e-001,
       9.35282335e-002, 2.28868470e-001, 8.10038820e-002,
       8.46862346e-002, 1.38705261e-002, 1.36121139e-001,
       2.35311966e-002, 7.36839995e-002, 1.36412540e-002,
       2.52200719e-002, 8.85244552e-003, 4.33776109e-003,
       1.41487233e-002, 1.97481886e-002, 2.72608902e-002,
       3.66294347e-002, 1.57778375e-002, 2.81541869e-002,
       1.17429616e-002, 4.80660470e-003, 3.24882604e-002,
       2.97544058e-002, 1.47539983e-002, 3.50455455e-002,
       1.40255196e-002, 6.47895131e-003, 2.87435725e-002,
       2.26052217e-002, 1.67726278e-002, 2.64381580e-002,
       1.15660243e-002, 5.55077707e-003, 2.36946624e-002,
       1.66263580e-002, 9.89881065e-003, 1.82312280e-002,
       4.94366093e-003, 5.05466154e-003, 1.32506955e-002,
       9.79487505e-003, 6.02360256e-003, 9.91003029e-003,
       4.67507634e-003, 7.47098448e-003, 1.27346655e-002,
       1.96886044e-002, 1.78175382e-002, 2.47268155e-002,
       2.61392184e-002, 2.09832564e-002, 2.38727834e-002,
       1.64038390e-002, 1.16821043e-002, 8.75378307e-003,
       4.00970737e-003, 6.88230805e-003, 3.60365259e-003,
       3.30496207e-003, 5.33667067e-003, 1.06816767e-002,
       3.06032598e-003, 7.31771067e-003, 1.07297627e-002,
       2.71380041e-003, 2.37753410e-002, 4.17887568e-002,
       5.14810011e-002, 5.25624827e-002, 2.48833057e-002,
       6.25226821e-004, 7.58135272e-003, 1.21621564e-002,
       3.30823264e-003, 6.38963096e-003, 6.71397382e-003,
       4.76530520e-003, 6.20362721e-003, 1.36852488e-002,
       1.03997383e-002, 2.26578116e-002, 3.11232619e-002,
       2.90261488e-002, 3.02277934e-002, 2.39301231e-002,
       2.01640837e-002, 7.72230793e-003, 3.83020332e-003,
       7.76360463e-003, 1.17742084e-002, 4.54392890e-003,
       8.47201515e-003, 6.60412060e-003, 3.08626541e-003,
       3.59836291e-003, 1.27898222e-002, 6.47021737e-003,
       6.49519730e-003, 7.77702034e-003, 3.97286844e-003,
       1.35549428e-002, 6.22951286e-003, 1.11104958e-002,
       1.81605257e-002, 4.87212911e-002, 5.93499094e-002,
       3.03983707e-002, 2.11881250e-002, 1.82129834e-002,
       1.86986513e-002, 1.78430583e-002, 1.34209609e-002,
       7.33027328e-003, 5.98548492e-003, 7.77237210e-003,
       1.20942174e-002, 3.23177734e-003, 4.27979091e-003,
       5.81273297e-003, 1.55418960e-003, 3.58611578e-003,
       3.41244112e-003, 2.62244442e-003, 5.87038789e-003,
       3.66069865e-003, 4.74068848e-003, 5.18425414e-003,
       2.25868938e-003, 3.99654405e-003, 7.53267948e-003,
       4.51467466e-003, 6.29443116e-003, 1.60128099e-003,
       1.03206512e-004, 2.29352922e-003, 4.63225227e-003,
       2.93435552e-003, 5.41711552e-003, 1.32104184e-003,
       3.23259342e-003, 1.57065294e-003, 5.58398478e-003,
       5.10043791e-003, 9.34018381e-003, 1.79164596e-002,
       3.00301388e-002, 2.50305366e-002, 8.77341721e-003,
       3.12117534e-003, 4.65390505e-003, 6.58538239e-003,
       3.22121545e-003, 3.59881786e-003, 3.92824318e-003,
       1.21050770e-003, 4.15229658e-003, 6.75133849e-003,
       5.09295799e-003, 4.37421119e-003, 3.10829352e-003,
       3.18252295e-003, 4.48095379e-003, 6.36457466e-003,
       4.05325741e-003, 9.47965961e-003, 1.11133093e-003,
       5.66809904e-003, 3.81029700e-003, 3.76897817e-003,
       8.41437094e-003, 3.78689822e-003, 1.20269237e-002,
       2.99316877e-003, 1.39588909e-002, 7.80143170e-003,
       1.48127284e-002, 1.07070077e-002, 1.36307310e-002,
       4.15419787e-003, 5.01363538e-003, 7.09440932e-003,
       4.62626806e-003, 3.37795983e-003, 8.80207960e-003,
       2.56477180e-003, 3.21681285e-003, 7.72616128e-004,
       5.24125854e-003, 2.68359901e-003, 9.56034195e-003,
       3.09238676e-003, 1.13648572e-003, 3.03068850e-003,
       4.07520728e-003, 2.55969609e-003, 4.85461717e-003,
       1.21149735e-003, 2.93654925e-003, 2.06999783e-003,
       5.34876436e-003, 3.29314405e-003, 3.51113174e-003,
       5.01508405e-003, 2.97688995e-003, 2.53122509e-003,
       6.99918193e-004, 3.22611490e-003, 3.49325407e-003,
       3.70109663e-003, 4.26207762e-003, 7.36995321e-003,
       6.14993135e-003, 3.81963095e-003, 4.33884002e-003,
       1.94728817e-003, 5.75481867e-003, 1.67541788e-003,
       1.47741567e-003, 2.63768318e-003, 1.39324944e-002,
       2.02739593e-002, 1.63923949e-002, 2.53672786e-002,
       8.46337713e-003, 1.51627939e-002, 1.27971657e-002,
       2.63027311e-003, 4.15644655e-003, 2.13863607e-003,
       5.12215914e-003, 6.13100315e-003, 5.81059931e-003,
       3.88808548e-003, 4.46261838e-003, 7.95761216e-003,
       2.60895467e-003, 4.18491568e-003, 3.55542963e-003,
       3.03836027e-003, 9.23081010e-004, 2.26645870e-003,
       3.27452458e-003, 2.77263648e-003, 4.53565503e-003,
       6.26100646e-003, 3.71190789e-003, 1.39817211e-003,
       2.02592975e-003, 2.13457877e-003, 2.86663277e-003,
       2.32989714e-003, 2.57702684e-003, 1.90677913e-003,
       3.33261141e-003, 2.71149119e-003, 4.32221545e-003,
       3.84685700e-003, 2.78337067e-003, 3.86757567e-003,
       2.44403118e-003, 6.55428390e-004, 4.04139562e-003,
       2.76594004e-003, 3.10419756e-003, 6.00917405e-003,
       3.81906144e-003, 5.24292514e-003, 6.17633015e-003,
       7.25103263e-003, 5.46957133e-003, 6.19096169e-003,
       7.40859006e-003, 3.97693692e-003, 2.98359501e-003,
       5.82675333e-004, 4.18181950e-003, 3.06562986e-003,
       5.46827400e-003, 4.56526503e-003, 3.07747489e-003,
       1.55336852e-003, 6.00265805e-003, 2.91309645e-003,
       4.76846099e-003, 2.94996263e-003, 2.66137323e-003,
       1.85836805e-004, 8.20554420e-003, 4.13663872e-003,
       9.01200157e-003, 2.38546613e-003, 3.22862924e-003,
       5.95061108e-004, 6.49555528e-004, 2.34778994e-003,
       3.20376293e-003, 1.71216286e-003, 4.02820855e-003,
       1.19002257e-003, 3.96203436e-003, 7.39894528e-003,
       9.14194062e-003, 7.12929014e-003, 4.19714861e-003,
       1.84052088e-003, 1.62801973e-003, 1.84400252e-003,
       2.28248956e-003, 1.77106576e-003, 1.07094075e-003,
       1.07588014e-003, 2.61657010e-003, 1.81007897e-003,
       4.42233076e-003, 8.23413080e-004, 1.64070143e-003,
       2.29607173e-003, 7.01138575e-004, 9.54251911e-004,
       8.44628317e-004, 9.40031197e-004, 7.93723506e-004,
       3.71957989e-003, 1.86660222e-003, 3.74786765e-003,
       6.55019330e-003, 5.00134518e-003, 2.88675632e-003,
       2.45664432e-003, 1.74296834e-003, 1.51215307e-003,
       1.96891441e-003, 2.40785931e-003, 5.52881835e-003,
       4.46840702e-003, 4.00427729e-003, 1.13319838e-002,
       1.12443790e-002, 9.18563083e-003, 3.20452824e-003,
       2.84904661e-003, 3.24797095e-003, 1.13973569e-003,
       3.84263531e-003, 3.22689814e-003, 2.43459945e-003,
       3.67409620e-003, 1.08527124e-003, 2.69907946e-003,
       2.38142000e-003, 1.03796995e-003, 2.26372364e-003,
       7.70912331e-004, 4.63950122e-003, 1.74956874e-003,
       3.85705079e-003, 5.65124769e-003, 5.63336210e-003,
       2.78435904e-003, 5.88501617e-003, 2.93328357e-003,
       4.20382526e-003, 2.03515100e-003, 3.47087230e-003,
       3.71976942e-003, 1.36710587e-003, 3.24533507e-003,
       2.41720630e-003, 1.31800142e-003, 2.09959713e-003,
       3.03401193e-003, 1.64805632e-003, 2.43874476e-003,
       2.78236286e-004, 2.30761128e-003, 1.84318097e-003,
       1.36373006e-003, 2.39741197e-003, 4.82950499e-003,
       3.97750689e-003, 4.99485666e-003, 8.93485453e-003,
       1.81823759e-003, 6.55740174e-003, 2.19851709e-003,
       1.37405517e-003, 1.64515642e-003, 2.53669475e-003,
       1.53168186e-003, 2.07586121e-003, 1.32508238e-003,
       5.00468770e-004, 1.37798546e-003, 1.57654402e-003,
       2.49203923e-003, 1.54516904e-003, 1.13840413e-003,
