%YAML:1.0
TRIANGLE: !!opencv-matrix
   rows: 1024
   cols: 1
   dt: f
   data: [ 3.53439117e+002, 4.13400984e+000, 2.19582596e+001,
       1.01864338e+000, 6.91243470e-001, 2.70442080e+000,
       4.15916085e-001, 2.83068329e-001, 7.02768207e-001,
       1.80362836e-001, 1.31041884e-001, 2.11829677e-001,
       8.44963118e-002, 4.65327911e-002, 3.88486572e-002,
       3.14429551e-002, 2.04384588e-002, 1.32492213e-002,
       2.60640904e-002, 2.27493723e-003, 2.87996866e-002,
       2.48825327e-002, 9.61283688e-003, 1.33712748e-002,
       2.51301732e-002, 9.80020035e-003, 1.04944324e-002,
       2.06815824e-002, 1.26842763e-002, 1.62316933e-002,
       1.89980641e-002, 1.16633205e-002, 1.07419891e-002,
       1.69880055e-002, 7.65770720e-003, 1.09468391e-002,
       1.03314621e-002, 6.83427230e-003, 4.36173752e-003,
       9.46549606e-003, 1.36171244e-002, 1.74748467e-003,
       1.05386386e-002, 1.09153409e-002, 8.02648254e-004,
       9.23324283e-003, 1.28002120e-002, 9.03020427e-003,
       7.29599781e-003, 1.58095621e-002, 1.57372523e-002,
       1.59585569e-002, 1.68957375e-002, 1.24360221e-002,
       5.16379671e-003, 1.10322451e-002, 7.33467657e-003,
       4.96142264e-003, 1.21803824e-002, 1.11011639e-002,
       2.61746044e-003, 6.81663724e-003, 2.58381059e-003,
       1.54494727e-003, 4.50946717e-003, 1.26564980e-003,
       1.10349227e-002, 5.22694271e-003, 1.40396715e-003,
       5.07552922e-003, 3.85460327e-003, 4.00484586e-003,
       4.79850778e-003, 4.96269157e-003, 2.56937277e-003,
       1.79668237e-003, 4.58483165e-003, 6.34697033e-003,
       2.35867663e-003, 4.70073166e-004, 2.44075153e-003,
       5.38254716e-003, 3.50532634e-003, 3.64913722e-003,
       5.43203251e-003, 4.72655240e-003, 5.08731045e-003,
       3.56758758e-003, 6.73499331e-003, 1.10141048e-002,
       7.15814484e-003, 4.46989527e-003, 1.67269204e-002,
       2.89161131e-002, 4.61940877e-002, 4.61132787e-002,
       3.42179090e-002, 2.12836172e-002, 4.53248806e-003,
       2.39723753e-002, 1.08807022e-002, 5.11771394e-003,
       3.26764327e-003, 6.47545094e-003, 8.75461474e-003,
       2.59472919e-003, 9.54189897e-003, 4.90138819e-003,
       3.88295529e-003, 5.10359276e-003, 2.52812030e-003,
       5.67646418e-003, 2.42502894e-003, 7.60952104e-003,
       4.33390914e-003, 4.87965718e-003, 4.16562008e-003,
       1.20846473e-003, 2.62083695e-003, 3.50719900e-003,
       1.54039927e-003, 6.97175693e-003, 5.14235022e-003,
       4.99701500e-003, 4.24514757e-003, 1.04778288e-002,
       1.25924789e-003, 7.88581744e-003, 1.75977149e-003,
       7.90144433e-004, 6.17284980e-003, 2.98330421e-003,
       5.92416211e-004, 6.99776784e-003, 4.53691464e-003,
       3.20479111e-003, 2.65784748e-003, 7.14106392e-003,
       6.62228232e-003, 7.49320025e-004, 2.47839652e-003,
       3.39488359e-003, 6.76708343e-003, 4.10334859e-003,
       6.61060167e-003, 1.26039493e-003, 4.23766021e-003,
       1.55520323e-003, 4.03907523e-003, 1.66096631e-003,
       6.43772585e-003, 2.69761472e-003, 2.27630418e-003,
       6.13083132e-003, 8.93156603e-003, 1.12151336e-002,
       1.20154768e-002, 3.22609465e-003, 4.37987782e-003,
       7.78304471e-004, 7.78400619e-003, 4.63974988e-003,
       1.03087525e-003, 8.28869082e-003, 3.23965400e-003,
       3.06640705e-003, 1.25185968e-002, 2.16521788e-003,
       1.61706819e-003, 9.77991708e-003, 1.78041786e-003,
       2.00672331e-003, 8.69410485e-003, 3.78360995e-003,
       2.73915823e-003, 4.81352257e-003, 2.33175978e-003,
       8.38359259e-003, 8.27219989e-003, 9.54973046e-003,
       3.44432658e-003, 7.15086842e-003, 1.30807934e-002,
       7.03219743e-003, 1.13538594e-003, 1.43175619e-002,
       7.17899250e-003, 1.70862824e-002, 2.04472579e-002,
       2.20734812e-002, 7.91044999e-003, 1.22204944e-002,
       1.86018888e-002, 1.27856201e-002, 3.98215139e-003,
       6.22655079e-003, 6.71106437e-003, 8.69803131e-003,
       1.46587449e-003, 4.44027036e-003, 1.49096679e-002,
       7.83489738e-003, 4.66271071e-003, 1.39782915e-003,
       4.48062457e-003, 6.25456730e-003, 7.34793022e-003,
       4.11890773e-003, 2.53422814e-003, 7.69047299e-003,
       4.52158181e-003, 1.09879933e-002, 2.13385047e-003,
       7.63590215e-003, 4.67162160e-003, 6.81741303e-003,
       2.64431071e-003, 7.50220288e-003, 1.90334450e-002,
       2.54794843e-002, 1.83031410e-002, 1.02853775e-002,
       5.68723120e-003, 1.24819926e-003, 7.55453249e-003,
       6.23157527e-003, 7.52361584e-003, 6.43976498e-003,
       2.57167546e-003, 4.50199563e-003, 4.83596046e-003,
       7.07751187e-003, 7.11345952e-003, 3.25226109e-003,
       7.91676529e-003, 3.40590882e-003, 3.02346796e-003,
       4.15787473e-003, 4.29599546e-003, 4.49892040e-003,
       4.82705189e-003, 6.53350668e-004, 1.91644765e-003,
       9.69909539e-004, 5.18971356e-003, 3.47211678e-003,
       6.20619534e-003, 2.92817410e-003, 3.08220391e-003,
       5.29843429e-003, 4.11493517e-003, 3.04585346e-003,
       6.91069895e-003, 2.69615091e-003, 4.52209171e-003,
       4.14292421e-003, 9.01998021e-003, 3.83718964e-003,
       8.85090418e-003, 7.15052476e-003, 7.39074266e-003,
       1.98046723e-003, 6.21962419e-004, 6.35713432e-003,
       6.13511493e-003, 8.15072469e-003, 2.86494195e-003,
       4.65693651e-003, 3.28078377e-003, 3.43327224e-003,
       4.40834119e-004, 6.82032946e-003, 4.66945814e-003,
       3.33618349e-003, 3.33954603e-003, 3.54102114e-004,
       1.47843384e-003, 3.55613511e-003, 2.70596473e-003,
       3.27809772e-004, 4.52232128e-003, 4.03902959e-003,
       5.25635760e-003, 1.07110441e-002, 7.97241833e-003,
       7.35535752e-003, 4.36396757e-003, 4.75639617e-003,
       5.29014505e-003, 2.67810724e-003, 2.97487061e-003,
       2.93965195e-003, 2.68353918e-003, 6.88517466e-004,
       2.52805941e-004, 2.44576531e-003, 2.17550527e-003,
       4.01858799e-003, 2.75896234e-003, 4.12809523e-003,
       3.91988503e-003, 1.52949849e-003, 2.21730722e-003,
       4.13344800e-003, 6.48109382e-003, 2.70498684e-003,
       5.85373864e-003, 6.11099554e-003, 5.58913639e-003,
       6.85232505e-003, 1.54091408e-002, 1.82063021e-002,
       2.03476716e-002, 1.24763651e-002, 7.03332853e-003,
       5.85610466e-003, 2.55884440e-003, 4.68450319e-003,
       3.80728603e-003, 4.40704962e-003, 4.88840509e-003,
       2.90901260e-003, 1.27723161e-003, 2.78588873e-003,
       2.76647462e-003, 4.54897806e-003, 2.20604730e-003,
       3.18375626e-003, 2.30389088e-003, 3.31871002e-003,
       1.38922106e-003, 9.57986515e-004, 2.48380844e-003,
       1.82741112e-003, 1.32545643e-003, 1.42260315e-003,
       1.85014633e-003, 1.12627610e-003, 4.34816437e-004,
       2.17958074e-003, 1.89103023e-003, 1.03044941e-003,
       5.34532708e-004, 2.85667181e-003, 1.78180181e-003,
       2.54794047e-003, 4.26741876e-003, 6.97154901e-004,
       7.47457845e-004, 1.22058450e-003, 2.87849689e-003,
       4.13532183e-003, 4.24465537e-003, 3.54330940e-003,
       1.11047935e-003, 1.02279196e-003, 2.30791490e-003,
       4.08778246e-003, 2.80823838e-003, 6.71296148e-003,
       9.90183651e-003, 9.21203848e-003, 4.53111110e-003,
       3.08827870e-003, 3.16805183e-003, 3.62541922e-003,
       1.50548620e-003, 3.24867992e-003, 1.98639138e-003,
       4.27033100e-003, 3.04869935e-003, 2.43171467e-003,
       2.13968288e-003, 7.84579024e-004, 3.21958493e-003,
       2.19972851e-003, 6.60150254e-004, 2.56968732e-003,
       5.28235082e-003, 5.30180754e-003, 2.21028249e-003,
       1.78738264e-003, 4.06593271e-003, 2.51460192e-003,
       1.89095316e-003, 3.65052605e-003, 7.45777506e-004,
       5.74089470e-004, 8.75913189e-004, 9.35705495e-004,
       1.71820063e-003, 1.74615404e-003, 2.81093013e-003,
       2.81285937e-003, 4.52311244e-003, 2.29957281e-003,
       2.05909996e-003, 6.32801733e-004, 3.11617623e-003,
       1.62021560e-003, 3.14298272e-003, 2.36567413e-003,
       2.47761514e-003, 2.30877963e-003, 2.24384945e-003,
       2.96716439e-003, 4.97700367e-003, 2.14194111e-003,
