%YAML:1.0
CROSS: !!opencv-matrix
   rows: 1
   cols: 512
   dt: f
   data: [ 1.03077292e+000, 1.04645276e+000, 1.06231666e+000,
       1.09456420e+000, 1.11093283e+000, 1.14412475e+000,
       1.16093516e+000, 1.19495451e+000, 1.22946846e+000,
       1.26443648e+000, 1.29982197e+000, 1.33559167e+000,
       1.37171555e+000, 1.40816653e+000, 1.46340239e+000,
       1.51924443e+000, 1.57562840e+000, 1.63249803e+000,
       1.68980420e+000, 1.76681817e+000, 1.84444487e+000,
       1.92261016e+000, 2.00125098e+000, 2.11998749e+000,
       2.21955037e+000, 2.35973620e+000, 2.50071120e+000,
       2.66263056e+000, 2.84564114e+000, 3.07031822e+000,
       3.31642437e+000, 3.56336761e+000, 3.61372805e+000,
       3.60330772e+000, 3.59396243e+000, 3.58570051e+000,
       3.57852983e+000, 3.57245684e+000, 3.56748676e+000,
       3.56478882e+000, 3.56166720e+000, 3.55965877e+000,
       3.55876565e+000, 3.55898833e+000, 3.56032681e+000,
       3.56277990e+000, 3.56634498e+000, 3.57101941e+000,
       3.57679796e+000, 3.58367562e+000, 3.59164619e+000,
       3.60070252e+000, 3.61083627e+000, 3.59306955e+000,
       3.30482984e+000, 3.05865645e+000, 2.83391142e+000,
       2.65084004e+000, 2.48886299e+000, 2.34783459e+000,
       2.22757339e+000, 2.10798812e+000, 2.00893736e+000,
       1.93015265e+000, 1.83232725e+000, 1.75466740e+000,
       1.69682109e+000, 1.62029314e+000, 1.56340313e+000,
       1.52574420e+000, 1.46969867e+000, 1.41424060e+000,
       1.37763011e+000, 1.34133637e+000, 1.30538607e+000,
       1.26980805e+000, 1.23463476e+000, 1.19990170e+000,
       1.16564822e+000, 1.14871466e+000, 1.11526358e+000,
       1.09875858e+000, 1.06622398e+000, 1.05020916e+000,
       1.03437293e+000, 1.01872385e+000, 9.88022268e-001,
       9.72988486e-001, 9.87887204e-001, 1.00300455e+000,
       1.01833081e+000, 1.04957354e+000, 1.06547284e+000,
       1.09778655e+000, 1.11418617e+000, 1.14743602e+000,
       1.16427362e+000, 1.19834375e+000, 1.23290420e+000,
       1.26791501e+000, 1.30333996e+000, 1.33914590e+000,
       1.37530339e+000, 1.41178513e+000, 1.46706307e+000,
       1.50425363e+000, 1.56049836e+000, 1.61724317e+000,
       1.69359362e+000, 1.75131810e+000, 1.82882822e+000,
       1.92648506e+000, 2.00514770e+000, 2.10405993e+000,
       2.22349620e+000, 2.36370659e+000, 2.50470161e+000,
       2.66664028e+000, 2.84966874e+000, 3.05389738e+000,
       3.32048512e+000, 3.56744051e+000, 3.61781669e+000,
       3.60740805e+000, 3.59807348e+000, 3.58982110e+000,
       3.58265877e+000, 3.57659245e+000, 3.57162833e+000,
       3.56893349e+000, 3.56581545e+000, 3.56380939e+000,
       3.56291723e+000, 3.56313968e+000, 3.56447673e+000,
       3.56692696e+000, 3.57048798e+000, 3.57515669e+000,
       3.58092856e+000, 3.58779860e+000, 3.59576011e+000,
       3.60480571e+000, 3.61492825e+000, 3.59714556e+000,
       3.30889153e+000, 3.06270266e+000, 2.83794045e+000,
       2.65485120e+000, 2.49285460e+000, 2.35180616e+000,
       2.23152447e+000, 2.11191535e+000, 2.01284099e+000,
       1.91440272e+000, 1.83617878e+000, 1.75849068e+000,
       1.70062053e+000, 1.62405694e+000, 1.56713641e+000,
       1.51070046e+000, 1.47337341e+000, 1.41787457e+000,
       1.38123405e+000, 1.34490800e+000, 1.30892241e+000,
       1.27330625e+000, 1.23809147e+000, 1.20331323e+000,
       1.16901040e+000, 1.15205061e+000, 1.11854327e+000,
       1.10200822e+000, 1.06940949e+000, 1.05336022e+000,
       1.03748810e+000, 1.00630856e+000, 9.91019130e-001,
       9.75942135e-001, 9.75942135e-001, 9.91019130e-001,
       1.02180135e+000, 1.03748810e+000, 1.05336022e+000,
       1.08562803e+000, 1.10200822e+000, 1.13522613e+000,
       1.15205061e+000, 1.18609977e+000, 1.22064543e+000,
       1.25564659e+000, 1.29106629e+000, 1.32687080e+000,
       1.36303020e+000, 1.39951658e+000, 1.45480561e+000,
       1.49200583e+000, 1.54826796e+000, 1.60503268e+000,
       1.68141270e+000, 1.73916078e+000, 1.81670380e+000,
       1.89480019e+000, 1.99309945e+000, 2.09205365e+000,
       2.21153998e+000, 2.33171701e+000, 2.47266221e+000,
       2.63456011e+000, 2.81755805e+000, 3.04223061e+000,
       3.28834152e+000, 3.57652426e+000, 3.61853981e+000,
       3.60806060e+000, 3.59865522e+000, 3.59033132e+000,
       3.58309674e+000, 3.57695842e+000, 3.57192135e+000,
       3.56799054e+000, 3.56516981e+000, 3.56346154e+000,
       3.56286788e+000, 3.56338811e+000, 3.56502318e+000,
       3.56777048e+000, 3.57021928e+000, 3.57481503e+000,
       3.58051443e+000, 3.58731222e+000, 3.59520197e+000,
       3.60417676e+000, 3.61422849e+000, 3.62152314e+000,
       3.62152314e+000, 3.07436347e+000, 2.87005353e+000,
       2.68693542e+000, 2.52490020e+000, 2.38380361e+000,
       2.24347258e+000, 2.12391281e+000, 2.02488065e+000,
       1.94610870e+000, 1.84829485e+000, 1.77063978e+000,
       1.71279359e+000, 1.63626015e+000, 1.57936049e+000,
       1.52294278e+000, 1.48562622e+000, 1.43014002e+000,
       1.39350533e+000, 1.35718262e+000, 1.32119727e+000,
       1.28557789e+000, 1.25035572e+000, 1.21556532e+000,
       1.18124461e+000, 1.16427362e+000, 1.13073826e+000,
       1.11418617e+000, 1.08154631e+000, 1.06547284e+000,
       1.03385675e+000, 1.01833081e+000, 1.00300455e+000,
       9.87887204e-001, 9.72988486e-001, 1.00327051e+000,
       1.01872385e+000, 1.03437293e+000, 1.05020916e+000,
       1.08240974e+000, 1.09875858e+000, 1.13191772e+000,
       1.14871466e+000, 1.18271232e+000, 1.21721089e+000,
       1.25216877e+000, 1.28754854e+000, 1.32331657e+000,
       1.35944211e+000, 1.39589727e+000, 1.45114398e+000,
       1.50700104e+000, 1.54454553e+000, 1.60127878e+000,
       1.67762172e+000, 1.73534524e+000, 1.81285906e+000,
       1.91052628e+000, 1.98920107e+000, 2.08813143e+000,
       2.20759249e+000, 2.32774854e+000, 2.46867299e+000,
       2.63055134e+000, 2.81353092e+000, 3.03818560e+000,
       3.28428125e+000, 3.57244921e+000, 3.61445189e+000,
       3.60396099e+000, 3.59454465e+000, 3.58621144e+000,
       3.57896852e+000, 3.57282281e+000, 3.56778002e+000,
       3.56384492e+000, 3.56102085e+000, 3.55931044e+000,
       3.55871582e+000, 3.55923700e+000, 3.56087375e+000,
       3.56258392e+000, 3.56607628e+000, 3.57067728e+000,
       3.57638335e+000, 3.58318877e+000, 3.59108758e+000,
       3.60007262e+000, 3.61013556e+000, 3.57165575e+000,
       3.33697367e+000, 3.09079003e+000, 2.86602449e+000,
       2.68292356e+000, 2.52090693e+000, 2.37983060e+000,
       2.23952317e+000, 2.13985825e+000, 2.02097893e+000,
       1.94222796e+000, 1.86393845e+000, 1.78617048e+000,
       1.70899570e+000, 1.65155387e+000, 1.59453356e+000,
       1.53798187e+000, 1.48195243e+000, 1.42650676e+000,
       1.38990176e+000, 1.35361111e+000, 1.31766069e+000,
       1.28207910e+000, 1.24689806e+000, 1.21215224e+000,
       1.17788029e+000, 1.16093516e+000, 1.12745523e+000,
       1.11093283e+000, 1.07835627e+000, 1.06231666e+000,
       1.04645276e+000, 1.01528573e+000, 1., 9.84925032e-001,
       9.84925032e-001, 0., 0., 0., 0., 0., 0., 0., 0., 0., 0., 0., 0.,
       0., 0., 0., 0., 0., 0., 0., 0., 0., 0., 0., 0., 0., 0., 0., 0.,
       0., 0., 0., 0., 0., 0., 0., 0., 0., 0., 0., 0., 0., 0., 0., 0.,
       0., 0., 0., 0., 0., 0., 0., 0., 0., 0., 0., 0., 0., 0., 0., 0.,
       0., 0., 0., 0., 0., 0., 0., 0., 0., 0., 0., 0., 0., 0., 0., 0.,
       0., 0., 0., 0., 0., 0., 0., 0., 0., 0., 0., 0., 0., 0., 0., 0.,
       0., 0., 0., 0., 0., 0., 0., 0., 0., 0., 0., 0., 0., 0., 0., 0.,
       0., 0., 0., 0., 0., 0., 0., 0., 0., 0., 0., 0., 0., 0., 0., 0.,
       0., 0., 0., 0., 0., 0., 0., 0., 0., 0., 0., 0., 0., 0., 0., 0.,
       0., 0., 0., 0., 0., 0., 0., 0., 0., 0., 0., 0., 0. ]
