%YAML:1.0
DIAMOND: !!opencv-matrix
   rows: 4
   cols: 512
   dt: f
   data: [ 9.89392221e-001, 9.84750748e-001, 9.74768043e-001,
       9.70175624e-001, 9.60743964e-001, 9.51657772e-001,
       9.48526382e-001, 9.39171195e-001, 9.36615705e-001,
       9.28850949e-001, 9.25732374e-001, 9.18610215e-001,
       9.15912926e-001, 9.09455955e-001, 9.07191873e-001,
       9.01421189e-001, 8.99601281e-001, 8.94536138e-001,
       8.93169880e-001, 8.94083023e-001, 8.87922943e-001,
       8.87198627e-001, 8.89021695e-001, 8.83626640e-001,
       8.86109889e-001, 8.81280482e-001, 8.81681025e-001,
       8.85077655e-001, 8.81045163e-001, 8.82101715e-001,
       8.86403382e-001, 8.83177519e-001, 8.84885252e-001,
       8.86770785e-001, 8.87660384e-001, 8.93482864e-001,
       8.91652942e-001, 8.94458532e-001, 9.01128709e-001,
       9.00099933e-001, 9.07366157e-001, 9.11005378e-001,
       9.14755940e-001, 9.18820560e-001, 9.23270404e-001,
       9.27747965e-001, 9.32878733e-001, 9.37755883e-001,
       9.47943449e-001, 9.49743509e-001, 9.59750950e-001,
       9.66641128e-001, 9.72538769e-001, 9.80027497e-001,
       9.87882376e-001, 9.99116361e-001, 1.00758791e+000,
       1.02130032e+000, 1.03049374e+000, 1.04000771e+000,
       1.04983318e+000, 1.06246936e+000, 1.07551718e+000,
       1.09143960e+000, 1.10249770e+000, 1.11906993e+000,
       1.13596630e+000, 1.14785516e+000, 1.16881120e+000,
       1.18667805e+000, 1.20313692e+000, 1.22160661e+000,
       1.24976325e+000, 1.27293026e+000, 1.29100299e+000,
       1.31617534e+000, 1.34491253e+000, 1.37524199e+000,
       1.40034938e+000, 1.43619800e+000, 1.46203876e+000,
       1.49881268e+000, 1.53042090e+000, 1.55074310e+000,
       1.56628430e+000, 1.57629657e+000, 1.58683288e+000,
       1.58654666e+000, 1.58676672e+000, 1.58182800e+000,
       1.57145357e+000, 1.55614042e+000, 1.53525281e+000,
       1.50405717e+000, 1.47214949e+000, 1.43568575e+000,
       1.40536261e+000, 1.37460017e+000, 1.34977639e+000,
       1.31976318e+000, 1.29569912e+000, 1.27203858e+000,
       1.24880445e+000, 1.22992563e+000, 1.20747781e+000,
       1.19091821e+000, 1.16760588e+000, 1.15530014e+000,
       1.13463366e+000, 1.11767960e+000, 1.10627079e+000,
       1.08993685e+000, 1.07909822e+000, 1.06343484e+000,
       1.05320835e+000, 1.04328191e+000, 1.02869773e+000,
       1.01944685e+000, 1.01052463e+000, 9.98947680e-001,
       9.90619302e-001, 9.82645452e-001, 9.75034773e-001,
       9.64464784e-001, 9.57515121e-001, 9.51941133e-001,
       9.45613086e-001, 9.40412760e-001, 9.30442810e-001,
       9.29459274e-001, 9.20740604e-001, 9.16381180e-001,
       9.12133455e-001, 9.08192635e-001, 9.04652655e-001,
       9.01142716e-001, 8.97797942e-001, 8.95257950e-001,
       8.92359316e-001, 8.90561819e-001, 8.88118267e-001,
       8.85849237e-001, 8.85091782e-001, 8.83287966e-001,
       8.83292377e-001, 8.81958663e-001, 8.80805135e-001,
       8.81866813e-001, 8.81187320e-001, 8.80689859e-001,
       8.82807612e-001, 8.82784188e-001, 8.82942677e-001,
       8.86107147e-001, 8.86736274e-001, 8.90645027e-001,
       8.91739428e-001, 8.93012345e-001, 8.97931993e-001,
       8.99660468e-001, 9.05289471e-001, 9.07464385e-001,
       9.13783908e-001, 9.16394472e-001, 9.23383772e-001,
       9.26418245e-001, 9.34055090e-001, 9.36492205e-001,
       9.40168083e-001, 9.48778331e-001, 9.57747340e-001,
       9.67065096e-001, 9.71584499e-001, 9.81458485e-001,
       9.85996425e-001, 9.96501565e-001, 1.00731170e+000,
       1.01274931e+000, 1.02988982e+000, 1.03598428e+000,
       1.04801273e+000, 1.06633437e+000, 1.07330000e+000,
       1.09237421e+000, 1.09990525e+000, 1.11967432e+000,
       1.13420546e+000, 1.14911211e+000, 1.16994488e+000,
       1.18554056e+000, 1.20146859e+000, 1.22457659e+000,
       1.24119449e+000, 1.26510084e+000, 1.28941107e+000,
       1.31410289e+000, 1.33915520e+000, 1.36646783e+000,
       1.39957595e+000, 1.42782569e+000, 1.46174228e+000,
       1.49311364e+000, 1.50999784e+000, 1.52213967e+000,
       1.52459908e+000, 1.53000927e+000, 1.53078640e+000,
       1.52706409e+000, 1.52095592e+000, 1.51038051e+000,
       1.49074173e+000, 1.47018504e+000, 1.46864188e+000,
       1.46864188e+000, 1.36711240e+000, 1.34010148e+000,
       1.30900109e+000, 1.28272033e+000, 1.25681031e+000,
       1.23129451e+000, 1.20619786e+000, 1.18562341e+000,
       1.16537488e+000, 1.14546990e+000, 1.12592614e+000,
       1.10676324e+000, 1.09172034e+000, 1.07694483e+000,
       1.05886817e+000, 1.04473519e+000, 1.03090715e+000,
       1.01739645e+000, 1.00421596e+000, 9.94555116e-001,
       9.81984198e-001, 9.72796321e-001, 9.60877240e-001,
       9.52194273e-001, 9.40970480e-001, 9.32825625e-001,
       9.24921811e-001, 9.17265058e-001, 9.07451332e-001,
       9.00395513e-001, 8.93607676e-001, 8.87093782e-001,
       8.82906556e-001, 8.76862943e-001, 8.71109366e-001,
       8.65651608e-001, 8.60495329e-001, 8.55645955e-001,
       8.52586150e-001, 8.48259866e-001, 8.44253957e-001,
       8.41763616e-001, 8.38301659e-001, 8.35171640e-001,
       8.33271265e-001, 8.30702543e-001, 8.29179466e-001,
       8.27180922e-001, 8.26040387e-001, 8.24618757e-001,
       8.23545992e-001, 8.23025107e-001, 8.22536290e-001,
       8.22405636e-001, 8.22502553e-001, 8.22762370e-001,
       8.23444784e-001, 8.24094296e-001, 8.25359523e-001,
       8.26396465e-001, 8.28240275e-001, 8.30428302e-001,
       8.32076848e-001, 8.34832251e-001, 8.36856067e-001,
       8.40169549e-001, 8.43812764e-001, 8.46422672e-001,
       8.50605845e-001, 8.55106771e-001, 8.59920382e-001,
       8.63300622e-001, 8.68623853e-001, 8.74245346e-001,
       8.80159616e-001, 8.86360645e-001, 8.92842412e-001,
       8.99599075e-001, 9.06624258e-001, 9.13911819e-001,
       9.21455681e-001, 9.29249406e-001, 9.40019190e-001,
       9.48372006e-001, 9.56954002e-001, 9.68742847e-001,
       9.77836132e-001, 9.90285039e-001, 1.00309193e+000,
       1.01624322e+000, 1.02972591e+000, 1.04352701e+000,
       1.05763400e+000, 1.07203507e+000, 1.08671820e+000,
       1.10545194e+000, 1.12072945e+000, 1.14017248e+000,
       1.15998220e+000, 1.18013990e+000, 1.20476413e+000,
       1.22562730e+000, 1.25105131e+000, 1.27687502e+000,
       1.30307460e+000, 1.33408618e+000, 1.36554658e+000,
       1.39742506e+000, 1.42969406e+000, 1.46701789e+000,
       1.48745120e+000, 1.50689673e+000, 1.52025068e+000,
       1.52819574e+000, 1.53180993e+000, 1.53093469e+000,
       1.53047884e+000, 1.52285814e+000, 1.51061594e+000,
       1.49132228e+000, 1.46958625e+000, 1.43338692e+000,
       1.40506709e+000, 1.37721455e+000, 1.35170400e+000,
       1.31937647e+000, 1.29461253e+000, 1.27022564e+000,
       1.25319016e+000, 1.22954965e+000, 1.20635164e+000,
       1.19034564e+000, 1.17466843e+000, 1.15375507e+000,
       1.13875949e+000, 1.12413538e+000, 1.10427284e+000,
       1.09666479e+000, 1.07748866e+000, 1.07044077e+000,
       1.05200851e+000, 1.04555702e+000, 1.03370810e+000,
       1.02211165e+000, 1.02211165e+000, 0., 0., 0., 0., 0., 0., 0., 0.,
       0., 0., 0., 0., 0., 0., 0., 0., 0., 0., 0., 0., 0., 0., 0., 0.,
       0., 0., 0., 0., 0., 0., 0., 0., 0., 0., 0., 0., 0., 0., 0., 0.,
       0., 0., 0., 0., 0., 0., 0., 0., 0., 0., 0., 0., 0., 0., 0., 0.,
       0., 0., 0., 0., 0., 0., 0., 0., 0., 0., 0., 0., 0., 0., 0., 0.,
       0., 0., 0., 0., 0., 0., 0., 0., 0., 0., 0., 0., 0., 0., 0., 0.,
       0., 0., 0., 0., 0., 0., 0., 0., 0., 0., 0., 0., 0., 0., 0., 0.,
       0., 0., 0., 0., 0., 0., 0., 0., 0., 0., 0., 0., 0., 0., 0., 0.,
       0., 0., 0., 0., 0., 0., 0., 0., 0., 0., 0., 0., 0., 0., 0., 0.,
       0., 0., 0., 0., 0., 0., 0., 0., 0., 0., 0., 0., 0., 0., 0., 0.,
       0., 9.84599710e-001, 9.69489038e-001, 9.54681933e-001,
       9.40192580e-001, 9.28839982e-001, 9.14960682e-001,
       9.04116511e-001, 8.93511713e-001, 8.83155048e-001,
       8.73055398e-001, 8.63221586e-001, 8.53662848e-001,
       8.44388723e-001, 8.35408449e-001, 8.28871906e-001,
