%YAML:1.0
RECTANGLE: !!opencv-matrix
   rows: 4
   cols: 512
   dt: f
   data: [ 1.00068200e+000, 1.00184548e+000, 1.00310183e+000,
       1.00461793e+000, 1.00677812e+000, 1.00886095e+000,
       1.01169705e+000, 1.01433897e+000, 1.01784074e+000,
       1.02170026e+000, 1.02518690e+000, 1.02969193e+000,
       1.03454256e+000, 1.03884530e+000, 1.04431677e+000,
       1.05011964e+000, 1.05624855e+000, 1.06269765e+000,
       1.06946111e+000, 1.07774150e+000, 1.08516574e+000,
       1.09288549e+000, 1.10225677e+000, 1.11059499e+000,
       1.12067068e+000, 1.13111138e+000, 1.14190686e+000,
       1.15304756e+000, 1.16452324e+000, 1.17803609e+000,
       1.19019699e+000, 1.20446765e+000, 1.21912241e+000,
       1.23414731e+000, 1.25147653e+000, 1.26724458e+000,
       1.28537703e+000, 1.30390942e+000, 1.32282495e+000,
       1.34427178e+000, 1.36615026e+000, 1.38844001e+000,
       1.41112149e+000, 1.43883026e+000, 1.46467590e+000,
       1.49333107e+000, 1.51786911e+000, 1.53580368e+000,
       1.54545724e+000, 1.54855120e+000, 1.54500270e+000,
       1.53736210e+000, 1.52567124e+000, 1.50729644e+000,
       1.48939979e+000, 1.47371602e+000, 1.45844638e+000,
       1.44360435e+000, 1.42920303e+000, 1.41525590e+000,
       1.40177667e+000, 1.39019871e+000, 1.37901080e+000,
       1.36822236e+000, 1.35784292e+000, 1.34788203e+000,
       1.33834887e+000, 1.32925284e+000, 1.32165945e+000,
       1.31340706e+000, 1.30656517e+000, 1.30008292e+000,
       1.29312205e+000, 1.28742838e+000, 1.28211057e+000,
       1.27717340e+000, 1.27262115e+000, 1.26845813e+000,
       1.26468813e+000, 1.26131475e+000, 1.25834095e+000,
       1.25611234e+000, 1.25388813e+000, 1.25207078e+000,
       1.25066209e+000, 1.24966347e+000, 1.24913466e+000,
       1.24889982e+000, 1.24907672e+000, 1.24955583e+000,
       1.25049663e+000, 1.25184751e+000, 1.25360739e+000,
       1.25577438e+000, 1.25795424e+000, 1.26087141e+000,
       1.26418865e+000, 1.26790297e+000, 1.27201080e+000,
       1.27650845e+000, 1.28139162e+000, 1.28665602e+000,
       1.29229701e+000, 1.29919863e+000, 1.30562973e+000,
       1.31242120e+000, 1.32061708e+000, 1.32816184e+000,
       1.33720338e+000, 1.34668314e+000, 1.35659170e+000,
       1.36691999e+000, 1.37765849e+000, 1.38879776e+000,
       1.40032804e+000, 1.41375530e+000, 1.42765176e+000,
       1.44200385e+000, 1.45679843e+000, 1.47202170e+000,
       1.48766077e+000, 1.50550938e+000, 1.52383769e+000,
       1.53810441e+000, 1.54566729e+000, 1.54658401e+000,
       1.54344583e+000, 1.53622794e+000, 1.52034342e+000,
       1.49576890e+000, 1.46707559e+000, 1.44119263e+000,
       1.41573381e+000, 1.39072204e+000, 1.36839283e+000,
       1.34647286e+000, 1.32498240e+000, 1.30602574e+000,
       1.28745043e+000, 1.26927316e+000, 1.25346375e+000,
       1.23608601e+000, 1.22101605e+000, 1.20631480e+000,
       1.19199574e+000, 1.17979109e+000, 1.16622663e+000,
       1.15470421e+000, 1.14351559e+000, 1.13267040e+000,
       1.12217879e+000, 1.11205065e+000, 1.10366642e+000,
       1.09424019e+000, 1.08647203e+000, 1.07899833e+000,
       1.07065904e+000, 1.06384408e+000, 1.05734241e+000,
       1.05116010e+000, 1.04530263e+000, 1.03977573e+000,
       1.03542614e+000, 1.03051865e+000, 1.02595592e+000,
       1.02242053e+000, 1.01850188e+000, 1.01494038e+000,
       1.01224816e+000, 1.00935125e+000, 1.00721729e+000,
       1.00499535e+000, 1.00342762e+000, 1.00211930e+000,
       1.00089312e+000, 1.00015891e+000, 9.99623477e-001,
       9.99466002e-001, 9.99570966e-001, 1.00004339e+000,
       1.00072539e+000, 1.00188887e+000, 1.00314510e+000,
       1.00466108e+000, 1.00682127e+000, 1.00890398e+000,
       1.01173997e+000, 1.01438189e+000, 1.01788342e+000,
       1.02174282e+000, 1.02522933e+000, 1.02973413e+000,
       1.03458452e+000, 1.03888702e+000, 1.04435837e+000,
       1.05016112e+000, 1.05628967e+000, 1.06273854e+000,
       1.06950176e+000, 1.07778180e+000, 1.08520579e+000,
       1.09292531e+000, 1.10229623e+000, 1.11063409e+000,
       1.12070942e+000, 1.13114965e+000, 1.14194489e+000,
       1.15308523e+000, 1.16456056e+000, 1.17807293e+000,
       1.19023347e+000, 1.20450377e+000, 1.21915793e+000,
       1.23418248e+000, 1.25151122e+000, 1.26727879e+000,
       1.28541088e+000, 1.30394268e+000, 1.32285774e+000,
       1.34430420e+000, 1.36618209e+000, 1.38847125e+000,
       1.41344118e+000, 1.43886042e+000, 1.46470559e+000,
       1.49336028e+000, 1.51789761e+000, 1.53374588e+000,
       1.54296982e+000, 1.54857790e+000, 1.54502892e+000,
       1.53738773e+000, 1.53129947e+000, 1.53129947e+000,
       1.48942351e+000, 1.47373915e+000, 1.45846891e+000,
       1.44362617e+000, 1.42922413e+000, 1.41527641e+000,
       1.40179634e+000, 1.39021790e+000, 1.37902927e+000,
       1.36824000e+000, 1.35785997e+000, 1.34789836e+000,
       1.33836460e+000, 1.32926786e+000, 1.32167375e+000,
       1.31342053e+000, 1.30657804e+000, 1.30009508e+000,
       1.29313326e+000, 1.28743887e+000, 1.28212047e+000,
       1.27718246e+000, 1.27262962e+000, 1.26846576e+000,
       1.26469505e+000, 1.26132083e+000, 1.25834632e+000,
       1.25611699e+000, 1.25389206e+000, 1.25207400e+000,
       1.25066447e+000, 1.24966502e+000, 1.24913538e+000,
       1.24889982e+000, 1.24907589e+000, 1.24955440e+000,
       1.25049436e+000, 1.25184464e+000, 1.25360358e+000,
       1.25576973e+000, 1.25794899e+000, 1.26086533e+000,
       1.26418197e+000, 1.26789546e+000, 1.27200258e+000,
       1.27649939e+000, 1.28138185e+000, 1.28664553e+000,
       1.29228580e+000, 1.29918659e+000, 1.30561709e+000,
       1.31240785e+000, 1.32060289e+000, 1.32814705e+000,
       1.33718789e+000, 1.34666681e+000, 1.35657477e+000,
       1.36690235e+000, 1.37764013e+000, 1.38877869e+000,
       1.40030837e+000, 1.41373479e+000, 1.42763066e+000,
       1.44198227e+000, 1.45677590e+000, 1.47199869e+000,
       1.48763716e+000, 1.50548506e+000, 1.52381277e+000,
       1.53807878e+000, 1.54564118e+000, 1.54911363e+000,
       1.54593933e+000, 1.53619993e+000, 1.52031493e+000,
       1.49573982e+000, 1.46704590e+000, 1.44116247e+000,
       1.41341043e+000, 1.39069080e+000, 1.36836100e+000,
       1.34644055e+000, 1.32494962e+000, 1.30599260e+000,
       1.28741682e+000, 1.26923895e+000, 1.25342906e+000,
       1.23605084e+000, 1.22098053e+000, 1.20627880e+000,
       1.19195938e+000, 1.17975426e+000, 1.16618943e+000,
       1.15466654e+000, 1.14347756e+000, 1.13263202e+000,
       1.12214005e+000, 1.11201167e+000, 1.10362709e+000,
       1.09420037e+000, 1.08643210e+000, 1.07895803e+000,
       1.07061851e+000, 1.06380320e+000, 1.05730128e+000,
       1.05111873e+000, 1.04526103e+000, 1.03973389e+000,
       1.03538418e+000, 1.03047645e+000, 1.02591360e+000,
       1.02237797e+000, 1.01845920e+000, 1.01489758e+000,
       1.01220524e+000, 1.00930810e+000, 1.00717413e+000,
       1.00495207e+000, 1.00338435e+000, 1.00207591e+000,
       1.00084972e+000, 1.00011539e+000, 9.99580085e-001,
       9.99422491e-001, 9.99422491e-001, 0., 0., 0., 0., 0., 0., 0., 0.,
       0., 0., 0., 0., 0., 0., 0., 0., 0., 0., 0., 0., 0., 0., 0., 0.,
       0., 0., 0., 0., 0., 0., 0., 0., 0., 0., 0., 0., 0., 0., 0., 0.,
       0., 0., 0., 0., 0., 0., 0., 0., 0., 0., 0., 0., 0., 0., 0., 0.,
       0., 0., 0., 0., 0., 0., 0., 0., 0., 0., 0., 0., 0., 0., 0., 0.,
       0., 0., 0., 0., 0., 0., 0., 0., 0., 0., 0., 0., 0., 0., 0., 0.,
       0., 0., 0., 0., 0., 0., 0., 0., 0., 0., 0., 0., 0., 0., 0., 0.,
       0., 0., 0., 0., 0., 0., 0., 0., 0., 0., 0., 0., 0., 0., 0., 0.,
       0., 0., 0., 0., 0., 0., 0., 0., 0., 0., 0., 0., 0., 0., 0., 0.,
       0., 0., 0., 0., 0., 0., 0., 0., 0., 0., 0., 0., 0., 0., 0., 0.,
       0., 1.00066042e+000, 1.00178719e+000, 1.00300384e+000,
       1.00479579e+000, 1.00656438e+000, 1.00901496e+000,
       1.01182139e+000, 1.01442957e+000, 1.01788020e+000,
       1.02167737e+000, 1.02510357e+000, 1.02952576e+000,
       1.03428292e+000, 1.03937030e+000, 1.04478323e+000,
